shape_id,shape_pt_lat,shape_pt_lon,shape_pt_sequence
339572,43.7187060,-79.7205100,1188
339572,43.7187060,-79.7205100,1187
339572,43.7187530,-79.7205880,1186
339572,43.7185490,-79.7208220,1185
339572,43.7184580,-79.7206440,1184
339572,43.7190840,-79.7199590,1183
339572,43.7191880,-79.7198450,1182
339572,43.7192010,-79.7196870,1181
339572,43.7191990,-79.7196440,1180
339572,43.7191900,-79.7196050,1179
339572,43.7190940,-79.7194130,1178
339572,43.7190370,-79.7193050,1177
339572,43.7190420,-79.7191930,1176
339572,43.7188540,-79.7188700,1175
339572,43.7183500,-79.7180060,1174
339572,43.7179550,-79.7173290,1173
339572,43.7177810,-79.7170310,1172
339572,43.7175540,-79.7166350,1171
339572,43.7173860,-79.7163430,1170
339572,43.7171040,-79.7158610,1169
339572,43.7169820,-79.7156530,1168
339572,43.7168510,-79.7155590,1167
339572,43.7168310,-79.7155140,1166
339572,43.7168150,-79.7154610,1165
339572,43.7168970,-79.7153120,1164
339572,43.7170210,-79.7151140,1163
339572,43.7171400,-79.7149590,1162
339572,43.7172220,-79.7148460,1161
339572,43.7173690,-79.7146340,1160
339572,43.7174600,-79.7145120,1159
339572,43.7177710,-79.7140930,1158
339572,43.7181740,-79.7136060,1157
339572,43.7182390,-79.7135370,1156
339572,43.7184350,-79.7132800,1155
339572,43.7185880,-79.7130880,1154
339572,43.7186500,-79.7129980,1153
339572,43.7187850,-79.7128120,1152
339572,43.7188680,-79.7126960,1151
339572,43.7190240,-79.7124580,1150
339572,43.7190540,-79.7124960,1149
339572,43.7190540,-79.7124960,1148
339572,43.7190540,-79.7124960,1147
339572,43.7190540,-79.7124960,1146
339572,43.7190240,-79.7124580,1145
339572,43.7190910,-79.7123560,1144
339572,43.7191240,-79.7123020,1143
339572,43.7192650,-79.7120710,1142
339572,43.7195350,-79.7116780,1141
339572,43.7197050,-79.7114310,1140
339572,43.7197600,-79.7113410,1139
339572,43.7198290,-79.7112330,1138
339572,43.7197650,-79.7111490,1137
339572,43.7192950,-79.7105130,1136
339572,43.7188420,-79.7098990,1135
339572,43.7177930,-79.7084770,1134
339572,43.7167980,-79.7071520,1133
339572,43.7164390,-79.7066670,1132
339572,43.7161630,-79.7062920,1131
339572,43.7158330,-79.7058440,1130
339572,43.7154440,-79.7053260,1129
339572,43.7153530,-79.7052180,1128
339572,43.7151840,-79.7049870,1127
339572,43.7152230,-79.7049320,1126
339572,43.7152230,-79.7049320,1125
339572,43.7152230,-79.7049320,1124
339572,43.7152230,-79.7049320,1123
339572,43.7151840,-79.7049870,1122
339572,43.7149730,-79.7046990,1121
339572,43.7148030,-79.7044660,1120
339572,43.7145310,-79.7041060,1119
339572,43.7142400,-79.7037080,1118
339572,43.7140890,-79.7035010,1117
339572,43.7138780,-79.7032360,1116
339572,43.7137710,-79.7030830,1115
339572,43.7133510,-79.7025250,1114
339572,43.7132010,-79.7023200,1113
339572,43.7128650,-79.7018730,1112
339572,43.7124470,-79.7013070,1111
339572,43.7120670,-79.7008040,1110
339572,43.7119480,-79.7006460,1109
339572,43.7115780,-79.7001840,1108
339572,43.7111360,-79.6995850,1107
339572,43.7109790,-79.6993750,1106
339572,43.7108600,-79.6992150,1105
339572,43.7106310,-79.6988950,1104
339572,43.7101580,-79.6982520,1103
339572,43.7097430,-79.6977040,1102
339572,43.7094350,-79.6973070,1101
339572,43.7093620,-79.6972130,1100
339572,43.7092110,-79.6970190,1099
339572,43.7092880,-79.6969040,1098
339572,43.7092880,-79.6969040,1097
339572,43.7092880,-79.6969040,1096
339572,43.7092880,-79.6969040,1095
339572,43.7092110,-79.6970190,1094
339572,43.7091890,-79.6969910,1093
339572,43.7089030,-79.6965950,1092
339572,43.7085970,-79.6961900,1091
339572,43.7085560,-79.6961350,1090
339572,43.7084190,-79.6959510,1089
339572,43.7083740,-79.6958920,1088
339572,43.7082610,-79.6957400,1087
339572,43.7079600,-79.6953360,1086
339572,43.7079030,-79.6952630,1085
339572,43.7077840,-79.6951050,1084
339572,43.7074370,-79.6946500,1083
339572,43.7072830,-79.6944540,1082
339572,43.7072270,-79.6943760,1081
339572,43.7071380,-79.6942510,1080
339572,43.7070520,-79.6941300,1079
339572,43.7068770,-79.6939030,1078
339572,43.7067410,-79.6937230,1077
339572,43.7064720,-79.6933690,1076
339572,43.7064290,-79.6933110,1075
339572,43.7062300,-79.6930510,1074
339572,43.7060610,-79.6928280,1073
339572,43.7059170,-79.6926380,1072
339572,43.7057330,-79.6923770,1071
339572,43.7056910,-79.6923140,1070
339572,43.7056390,-79.6922370,1069
339572,43.7055340,-79.6920630,1068
339572,43.7055030,-79.6920060,1067
339572,43.7054430,-79.6918880,1066
339572,43.7054220,-79.6918470,1065
339572,43.7053270,-79.6916380,1064
339572,43.7052960,-79.6915700,1063
339572,43.7052440,-79.6914500,1062
339572,43.7052080,-79.6913660,1061
339572,43.7052060,-79.6912230,1060
339572,43.7050790,-79.6908760,1059
339572,43.7050360,-79.6907570,1058
339572,43.7049560,-79.6905800,1057
339572,43.7049080,-79.6904830,1056
339572,43.7048680,-79.6904020,1055
339572,43.7047130,-79.6901300,1054
339572,43.7046740,-79.6900690,1053
339572,43.7045750,-79.6899260,1052
339572,43.7045390,-79.6898730,1051
339572,43.7043000,-79.6895630,1050
339572,43.7042100,-79.6894440,1049
339572,43.7041420,-79.6893560,1048
339572,43.7035370,-79.6885780,1047
339572,43.7031810,-79.6881190,1046
339572,43.7031140,-79.6882170,1045
339572,43.7026510,-79.6889790,1044
339572,43.7023780,-79.6891090,1043
339572,43.7023360,-79.6893490,1042
339572,43.7017780,-79.6920710,1041
339572,43.7017430,-79.6921770,1040
339572,43.7017170,-79.6922920,1039
339572,43.7016560,-79.6925950,1038
339572,43.7016000,-79.6928680,1037
339572,43.7015730,-79.6929850,1036
339572,43.7015600,-79.6930740,1035
339572,43.7015480,-79.6931280,1034
339572,43.7015460,-79.6931550,1033
339572,43.7015470,-79.6932040,1032
339572,43.7015600,-79.6932250,1031
339572,43.7015790,-79.6932340,1030
339572,43.7016110,-79.6932240,1029
339572,43.7021860,-79.6927690,1028
339572,43.7023480,-79.6925990,1027
339572,43.7021180,-79.6924190,1026
339572,43.7020270,-79.6923420,1025
339572,43.7018690,-79.6922210,1024
339572,43.7017780,-79.6920710,1023
339572,43.7021860,-79.6900790,1022
339572,43.7022690,-79.6901110,1021
339572,43.7022690,-79.6901110,1020
339572,43.7022690,-79.6901110,1019
339572,43.7022690,-79.6901110,1018
339572,43.7021860,-79.6900790,1017
339572,43.7023360,-79.6893490,1016
339572,43.7023780,-79.6891090,1015
339572,43.7026510,-79.6889790,1014
339572,43.7031140,-79.6882170,1013
339572,43.7031810,-79.6881190,1012
339572,43.7030680,-79.6879740,1011
339572,43.7028340,-79.6876720,1010
339572,43.7024360,-79.6871500,1009
339572,43.7020850,-79.6866880,1008
339572,43.7010160,-79.6852200,1007
339572,43.7012550,-79.6848860,1006
339572,43.7014270,-79.6846110,1005
339572,43.7015100,-79.6844300,1004
339572,43.7015950,-79.6842030,1003
339572,43.7017190,-79.6838270,1002
339572,43.7018330,-79.6835110,1001
339572,43.7019170,-79.6833020,1000
339572,43.7019970,-79.6831360,999
339572,43.7020750,-79.6829880,998
339572,43.7020940,-79.6829530,997
339572,43.7022020,-79.6827790,996
339572,43.7023200,-79.6826170,995
339572,43.7024460,-79.6824650,994
339572,43.7025870,-79.6823150,993
339572,43.7027560,-79.6821500,992
339572,43.7029800,-79.6819680,991
339572,43.7035350,-79.6815790,990
339572,43.7037000,-79.6814580,989
339572,43.7039260,-79.6812660,988
339572,43.7040850,-79.6811380,987
339572,43.7042660,-79.6809420,986
339572,43.7046540,-79.6806930,985
339572,43.7047690,-79.6806140,984
339572,43.7049190,-79.6805010,983
339572,43.7052180,-79.6802960,982
339572,43.7055160,-79.6801040,981
339572,43.7057750,-79.6799360,980
339572,43.7061050,-79.6797400,979
339572,43.7063910,-79.6795640,978
339572,43.7072180,-79.6789890,977
339572,43.7081250,-79.6784170,976
339572,43.7092710,-79.6776610,975
339572,43.7097100,-79.6773970,974
339572,43.7101390,-79.6771480,973
339572,43.7106800,-79.6768680,972
339572,43.7109420,-79.6767420,971
339572,43.7109960,-79.6767190,970
339572,43.7117560,-79.6764150,969
339572,43.7118590,-79.6763780,968
339572,43.7121660,-79.6762650,967
339572,43.7125760,-79.6761310,966
339572,43.7129900,-79.6760150,965
339572,43.7134090,-79.6759150,964
339572,43.7138280,-79.6758340,963
339572,43.7142480,-79.6757650,962
339572,43.7147020,-79.6757090,961
339572,43.7153590,-79.6756620,960
339572,43.7173150,-79.6755910,959
339572,43.7179740,-79.6755630,958
339572,43.7181620,-79.6755570,957
339572,43.7189090,-79.6755250,956
339572,43.7197580,-79.6754960,955
339572,43.7203270,-79.6754740,954
339572,43.7208550,-79.6754530,953
339572,43.7220960,-79.6753870,952
339572,43.7223130,-79.6753670,951
339572,43.7226060,-79.6753430,950
339572,43.7228790,-79.6753160,949
339572,43.7231960,-79.6752630,948
339572,43.7235230,-79.6752000,947
339572,43.7237860,-79.6751440,946
339572,43.7238630,-79.6751280,945
339572,43.7242430,-79.6750300,944
339572,43.7245300,-79.6749510,943
339572,43.7247690,-79.6748770,942
339572,43.7249820,-79.6747970,941
339572,43.7257300,-79.6744680,940
339572,43.7259110,-79.6743850,939
339572,43.7260710,-79.6743070,938
339572,43.7261760,-79.6742520,937
339572,43.7264040,-79.6741300,936
339572,43.7266430,-79.6739940,935
339572,43.7270710,-79.6737250,934
339572,43.7271720,-79.6736550,933
339572,43.7273590,-79.6735260,932
339572,43.7276810,-79.6732960,931
339572,43.7277130,-79.6732760,930
339572,43.7279410,-79.6731010,929
339572,43.7282650,-79.6728460,928
339572,43.7285690,-79.6725820,927
339572,43.7288430,-79.6723300,926
339572,43.7290050,-79.6721680,925
339572,43.7292400,-79.6719160,924
339572,43.7295940,-79.6715120,923
339572,43.7299010,-79.6711580,922
339572,43.7301900,-79.6708120,921
339572,43.7304040,-79.6705320,920
339572,43.7306570,-79.6701950,919
339572,43.7308420,-79.6699310,918
339572,43.7310660,-79.6696060,917
339572,43.7311960,-79.6694040,916
339572,43.7314200,-79.6690470,915
339572,43.7318100,-79.6684060,914
339572,43.7321100,-79.6679570,913
339572,43.7324530,-79.6674260,912
339572,43.7328510,-79.6667890,911
339572,43.7330800,-79.6664000,910
339572,43.7335480,-79.6655900,909
339572,43.7336360,-79.6654350,908
339572,43.7338250,-79.6651110,907
339572,43.7339310,-79.6649330,906
339572,43.7340470,-79.6647320,905
339572,43.7342020,-79.6644840,904
339572,43.7348730,-79.6633800,903
339572,43.7354790,-79.6623710,902
339572,43.7358030,-79.6618470,901
339572,43.7358610,-79.6617620,900
339572,43.7360640,-79.6614200,899
339572,43.7363330,-79.6609560,898
339572,43.7370050,-79.6598330,897
339572,43.7378860,-79.6583670,896
339572,43.7382240,-79.6578080,895
339572,43.7385210,-79.6573350,894
339572,43.7386210,-79.6571720,893
339572,43.7394300,-79.6558350,892
339572,43.7396000,-79.6555500,891
339572,43.7401580,-79.6546350,890
339572,43.7407650,-79.6536020,889
339572,43.7409240,-79.6533240,888
339572,43.7411380,-79.6529830,887
339572,43.7413040,-79.6527130,886
339572,43.7416950,-79.6520970,885
339572,43.7419340,-79.6517340,884
339572,43.7421910,-79.6513320,883
339572,43.7425040,-79.6508730,882
339572,43.7427240,-79.6505610,881
339572,43.7430240,-79.6501120,880
339572,43.7433390,-79.6496740,879
339572,43.7435290,-79.6494140,878
339572,43.7438090,-79.6490390,877
339572,43.7439340,-79.6488660,876
339572,43.7444390,-79.6482190,875
339572,43.7449090,-79.6476400,874
339572,43.7452560,-79.6472220,873
339572,43.7455210,-79.6469220,872
339572,43.7462490,-79.6460950,871
339572,43.7471730,-79.6450620,870
339572,43.7477260,-79.6444300,869
339572,43.7478840,-79.6442430,868
339572,43.7480280,-79.6440750,867
339572,43.7482170,-79.6438560,866
339572,43.7486200,-79.6433880,865
339572,43.7486330,-79.6433690,864
339572,43.7487970,-79.6431660,863
339572,43.7489510,-79.6430060,862
339572,43.7493050,-79.6426110,861
339572,43.7499350,-79.6418760,860
339572,43.7500550,-79.6417380,859
339572,43.7507200,-79.6409340,858
339572,43.7510590,-79.6405520,857
339572,43.7510980,-79.6405030,856
339572,43.7511430,-79.6404500,855
339572,43.7513910,-79.6401330,854
339572,43.7515950,-79.6398590,853
339572,43.7518150,-79.6395420,852
339572,43.7520400,-79.6391950,851
339572,43.7522460,-79.6388690,850
339572,43.7524260,-79.6385620,849
339572,43.7525940,-79.6382640,848
339572,43.7527590,-79.6379530,847
339572,43.7529100,-79.6376590,846
339572,43.7530640,-79.6373440,845
339572,43.7532270,-79.6369920,844
339572,43.7533620,-79.6366800,843
339572,43.7535070,-79.6363100,842
339572,43.7536550,-79.6359030,841
339572,43.7538640,-79.6352910,840
339572,43.7539430,-79.6350410,839
339572,43.7540480,-79.6346760,838
339572,43.7541290,-79.6343740,837
339572,43.7542830,-79.6337650,836
339572,43.7544100,-79.6332670,835
339572,43.7546200,-79.6323220,834
339572,43.7546920,-79.6320280,833
339572,43.7547570,-79.6317750,832
339572,43.7548350,-79.6314670,831
339572,43.7548460,-79.6314000,830
339572,43.7549070,-79.6311330,829
339572,43.7550320,-79.6306630,828
339572,43.7553580,-79.6292920,827
339572,43.7556920,-79.6278830,826
339572,43.7561200,-79.6260690,825
339572,43.7564320,-79.6247790,824
339572,43.7565640,-79.6241940,823
339572,43.7566100,-79.6239870,822
339572,43.7567720,-79.6232820,821
339572,43.7568990,-79.6227690,820
339572,43.7570750,-79.6220390,819
339572,43.7575320,-79.6201080,818
339572,43.7577230,-79.6193240,817
339572,43.7578690,-79.6186940,816
339572,43.7581130,-79.6176650,815
339572,43.7582980,-79.6168920,814
339572,43.7584820,-79.6161400,813
339572,43.7585140,-79.6159940,812
339572,43.7587480,-79.6150430,811
339572,43.7589470,-79.6141940,810
339572,43.7591780,-79.6131850,809
339572,43.7593580,-79.6124260,808
339572,43.7599000,-79.6101440,807
339572,43.7599550,-79.6099180,806
339572,43.7601440,-79.6091570,805
339572,43.7602700,-79.6086670,804
339572,43.7605050,-79.6078210,803
339572,43.7606770,-79.6071950,802
339572,43.7611370,-79.6055870,801
339572,43.7615250,-79.6042500,800
339572,43.7616920,-79.6036830,799
339572,43.7620200,-79.6025930,798
339572,43.7622580,-79.6018480,797
339572,43.7624050,-79.6014070,796
339572,43.7625600,-79.6009350,795
339572,43.7627890,-79.6002640,794
339572,43.7630940,-79.5994100,793
339572,43.7634800,-79.5983550,792
339572,43.7638230,-79.5974350,791
339572,43.7643390,-79.5961270,790
339572,43.7650920,-79.5942370,789
339572,43.7654460,-79.5932780,788
339572,43.7655530,-79.5929860,787
339572,43.7658880,-79.5920530,786
339572,43.7661690,-79.5912390,785
339572,43.7665670,-79.5900280,784
339572,43.7669780,-79.5887230,783
339572,43.7672110,-79.5879850,782
339572,43.7676290,-79.5867420,781
339572,43.7680550,-79.5855440,780
339572,43.7683990,-79.5846260,779
339572,43.7688140,-79.5835700,778
339572,43.7689700,-79.5831750,777
339572,43.7690370,-79.5830060,776
339572,43.7696570,-79.5814600,775
339572,43.7699040,-79.5808700,774
339572,43.7701890,-79.5801510,773
339572,43.7706170,-79.5791200,772
339572,43.7718000,-79.5762800,771
339572,43.7724950,-79.5745760,770
339572,43.7727360,-79.5739750,769
339572,43.7727940,-79.5738290,768
339572,43.7728550,-79.5736910,767
339572,43.7732050,-79.5728570,766
339572,43.7738570,-79.5712910,765
339572,43.7741310,-79.5706250,764
339572,43.7741870,-79.5704890,763
339572,43.7745070,-79.5697260,762
339572,43.7746900,-79.5692790,761
339572,43.7748730,-79.5687970,760
339572,43.7749950,-79.5685010,759
339572,43.7754060,-79.5674970,758
339572,43.7761290,-79.5658550,757
339572,43.7764380,-79.5650790,756
339572,43.7767940,-79.5641690,755
339572,43.7770570,-79.5634960,754
339572,43.7774160,-79.5625100,753
339572,43.7781760,-79.5602310,752
339572,43.7784470,-79.5593160,751
339572,43.7786780,-79.5585570,750
339572,43.7788860,-79.5577750,749
339572,43.7789600,-79.5574930,748
339572,43.7793120,-79.5560300,747
339572,43.7795050,-79.5552410,746
339572,43.7796450,-79.5546230,745
339572,43.7797720,-79.5540520,744
339572,43.7798640,-79.5536170,743
339572,43.7803820,-79.5512300,742
339572,43.7806850,-79.5497140,741
339572,43.7811130,-79.5476790,740
339572,43.7815160,-79.5457800,739
339572,43.7815390,-79.5456570,738
339572,43.7816100,-79.5452860,737
339572,43.7818540,-79.5441180,736
339572,43.7822840,-79.5421290,735
339572,43.7828190,-79.5396000,734
339572,43.7831010,-79.5382310,733
339572,43.7831730,-79.5378920,732
339572,43.7832050,-79.5377300,731
339572,43.7832660,-79.5374560,730
339572,43.7833300,-79.5371990,729
339572,43.7834540,-79.5366290,728
339572,43.7835310,-79.5362480,727
339572,43.7836870,-79.5354590,726
339572,43.7838040,-79.5348970,725
339572,43.7839900,-79.5340880,724
339572,43.7846540,-79.5308160,723
339572,43.7852280,-79.5281050,722
339572,43.7854040,-79.5272550,721
339572,43.7856190,-79.5262470,720
339572,43.7857680,-79.5255610,719
339572,43.7859140,-79.5249100,718
339572,43.7861170,-79.5240280,717
339572,43.7862330,-79.5235150,716
339572,43.7862750,-79.5233380,715
339572,43.7863370,-79.5230680,714
339572,43.7867450,-79.5213070,713
339572,43.7869540,-79.5204310,712
339572,43.7876530,-79.5176690,711
339572,43.7877460,-79.5172690,710
339572,43.7881640,-79.5155780,709
339572,43.7883060,-79.5150380,708
339572,43.7885050,-79.5142240,707
339572,43.7893560,-79.5107390,706
339572,43.7896930,-79.5093250,705
339572,43.7898840,-79.5085410,704
339572,43.7899250,-79.5083700,703
339572,43.7899790,-79.5081650,702
339572,43.7901250,-79.5075700,701
339572,43.7901880,-79.5073020,700
339572,43.7902470,-79.5070240,699
339572,43.7903250,-79.5067440,698
339572,43.7905190,-79.5059440,697
339572,43.7910060,-79.5039460,696
339572,43.7912820,-79.5028670,695
339572,43.7916350,-79.5013630,694
339572,43.7923750,-79.4983150,693
339572,43.7925520,-79.4975560,692
339572,43.7925630,-79.4975070,691
339572,43.7925820,-79.4974340,690
339572,43.7927430,-79.4968230,689
339572,43.7928490,-79.4964300,688
339572,43.7929890,-79.4959290,687
339572,43.7931280,-79.4954780,686
339572,43.7933130,-79.4948930,685
339572,43.7935630,-79.4941470,684
339572,43.7937760,-79.4935670,683
339572,43.7940000,-79.4929820,682
339572,43.7942370,-79.4923920,681
339572,43.7943630,-79.4920930,680
339572,43.7944420,-79.4919100,679
339572,43.7949530,-79.4908330,678
339572,43.7951850,-79.4903300,677
339572,43.7958400,-79.4891280,676
339572,43.7961170,-79.4886400,675
339572,43.7964060,-79.4881600,674
339572,43.7967010,-79.4876910,673
339572,43.7969800,-79.4872780,672
339572,43.7971010,-79.4870890,671
339572,43.7973170,-79.4867880,670
339572,43.7976460,-79.4863470,669
339572,43.7979850,-79.4859240,668
339572,43.7983130,-79.4855210,667
339572,43.7986410,-79.4851290,666
339572,43.7988390,-79.4849210,665
339572,43.7990740,-79.4846730,664
339572,43.7993620,-79.4843750,663
339572,43.7996970,-79.4840540,662
339572,43.7998630,-79.4839010,661
339572,43.8000820,-79.4836830,660
339572,43.8002000,-79.4835850,659
339572,43.8004260,-79.4833960,658
339572,43.8007950,-79.4831030,657
339572,43.8011720,-79.4828190,656
339572,43.8015510,-79.4825500,655
339572,43.8019350,-79.4822960,654
339572,43.8023250,-79.4820570,653
339572,43.8027230,-79.4818330,652
339572,43.8031190,-79.4816220,651
339572,43.8035190,-79.4814300,650
339572,43.8039260,-79.4812490,649
339572,43.8043340,-79.4810830,648
339572,43.8047460,-79.4809340,647
339572,43.8051610,-79.4807970,646
339572,43.8053500,-79.4807440,645
339572,43.8055770,-79.4806770,644
339572,43.8059790,-79.4805810,643
339572,43.8060770,-79.4805550,642
339572,43.8065570,-79.4804640,641
339572,43.8068400,-79.4804150,640
339572,43.8072640,-79.4803570,639
339572,43.8076880,-79.4803120,638
339572,43.8081980,-79.4802750,637
339572,43.8084820,-79.4802640,636
339572,43.8089620,-79.4802240,635
339572,43.8094070,-79.4801970,634
339572,43.8104980,-79.4801280,633
339572,43.8107890,-79.4801080,632
339572,43.8120790,-79.4800180,631
339572,43.8125580,-79.4799810,630
339572,43.8129310,-79.4799360,629
339572,43.8134000,-79.4798560,628
339572,43.8138540,-79.4797440,627
339572,43.8141940,-79.4796450,626
339572,43.8145310,-79.4795280,625
339572,43.8148650,-79.4793990,624
339572,43.8151970,-79.4792520,623
339572,43.8154300,-79.4791440,622
339572,43.8158660,-79.4789340,621
339572,43.8162560,-79.4787120,620
339572,43.8165500,-79.4785280,619
339572,43.8168570,-79.4783200,618
339572,43.8170820,-79.4781570,617
339572,43.8173540,-79.4779390,616
339572,43.8176170,-79.4777120,615
339572,43.8177900,-79.4775510,614
339572,43.8181160,-79.4772330,613
339572,43.8182640,-79.4770990,612
339572,43.8183910,-79.4769690,611
339572,43.8184820,-79.4768770,610
339572,43.8185710,-79.4767950,609
339572,43.8187970,-79.4765570,608
339572,43.8189770,-79.4763580,607
339572,43.8193030,-79.4759930,606
339572,43.8194500,-79.4758170,605
339572,43.8196080,-79.4756210,604
339572,43.8197810,-79.4754020,603
339572,43.8200850,-79.4750020,602
339572,43.8202580,-79.4747800,601
339572,43.8204780,-79.4744700,600
339572,43.8206430,-79.4742320,599
339572,43.8208110,-79.4739760,598
339572,43.8209820,-79.4737110,597
339572,43.8211580,-79.4734470,596
339572,43.8213410,-79.4731510,595
339572,43.8215010,-79.4728760,594
339572,43.8216730,-79.4725640,593
339572,43.8217990,-79.4723060,592
339572,43.8219380,-79.4720460,591
339572,43.8220710,-79.4717810,590
339572,43.8223770,-79.4711510,589
339572,43.8227270,-79.4704230,588
339572,43.8230320,-79.4697740,587
339572,43.8232870,-79.4692140,586
339572,43.8237670,-79.4681300,585
339572,43.8240320,-79.4674950,584
339572,43.8248730,-79.4653800,583
339572,43.8252340,-79.4642990,582
339572,43.8255860,-79.4631940,581
339572,43.8257750,-79.4625570,580
339572,43.8258920,-79.4621510,579
339572,43.8260890,-79.4614220,578
339572,43.8263020,-79.4606400,577
339572,43.8264510,-79.4600250,576
339572,43.8266580,-79.4591180,575
339572,43.8268160,-79.4583820,574
339572,43.8269340,-79.4578270,573
339572,43.8271210,-79.4568370,572
339572,43.8275640,-79.4546790,571
339572,43.8276880,-79.4540430,570
339572,43.8277250,-79.4538900,569
339572,43.8278680,-79.4531940,568
339572,43.8279970,-79.4525690,567
339572,43.8282300,-79.4514650,566
339572,43.8283670,-79.4508390,565
339572,43.8286050,-79.4498040,564
339572,43.8288440,-79.4488020,563
339572,43.8290100,-79.4481250,562
339572,43.8290890,-79.4477770,561
339572,43.8291650,-79.4474790,560
339572,43.8292520,-79.4471510,559
339572,43.8299620,-79.4443410,558
339572,43.8303260,-79.4428610,557
339572,43.8304990,-79.4421450,556
339572,43.8306780,-79.4414270,555
339572,43.8310130,-79.4400570,554
339572,43.8315720,-79.4377850,553
339572,43.8316770,-79.4373620,552
339572,43.8320640,-79.4357840,551
339572,43.8323480,-79.4345810,550
339572,43.8324510,-79.4341590,549
339572,43.8326030,-79.4336160,548
339572,43.8327950,-79.4329870,547
339572,43.8328800,-79.4326930,546
339572,43.8329500,-79.4325030,545
339572,43.8335320,-79.4310030,544
339572,43.8342060,-79.4293230,543
339572,43.8343830,-79.4289230,542
339572,43.8344230,-79.4288260,541
339572,43.8344620,-79.4287390,540
339572,43.8345230,-79.4286610,539
339572,43.8345620,-79.4286210,538
339572,43.8346130,-79.4285550,537
339572,43.8346680,-79.4284440,536
339572,43.8347570,-79.4282390,535
339572,43.8348370,-79.4280640,534
339572,43.8348900,-79.4279660,533
339572,43.8349550,-79.4278420,532
339572,43.8350720,-79.4276340,531
339572,43.8351440,-79.4275040,530
339572,43.8352730,-79.4272810,529
339572,43.8353430,-79.4271760,528
339572,43.8353940,-79.4270900,527
339572,43.8354380,-79.4270220,526
339572,43.8354870,-79.4269550,525
339572,43.8355170,-79.4269190,524
339572,43.8355570,-79.4268770,523
339572,43.8355960,-79.4268430,522
339572,43.8356800,-79.4267920,521
339572,43.8357290,-79.4267730,520
339572,43.8357930,-79.4267630,519
339572,43.8358450,-79.4267590,518
339572,43.8358890,-79.4267630,517
339572,43.8359290,-79.4267730,516
339572,43.8359650,-79.4267870,515
339572,43.8360210,-79.4268150,514
339572,43.8360660,-79.4268480,513
339572,43.8361140,-79.4268850,512
339572,43.8361680,-79.4269510,511
339572,43.8362060,-79.4270090,510
339572,43.8362420,-79.4270770,509
339572,43.8362660,-79.4271450,508
339572,43.8362850,-79.4272180,507
339572,43.8362980,-79.4272770,506
339572,43.8363090,-79.4273550,505
339572,43.8363100,-79.4274280,504
339572,43.8363060,-79.4275350,503
339572,43.8362960,-79.4276280,502
339572,43.8362850,-79.4276960,501
339572,43.8362670,-79.4277820,500
339572,43.8362440,-79.4278700,499
339572,43.8362140,-79.4279610,498
339572,43.8361830,-79.4280340,497
339572,43.8361400,-79.4281210,496
339572,43.8360970,-79.4281940,495
339572,43.8360390,-79.4282800,494
339572,43.8359810,-79.4283510,493
339572,43.8359310,-79.4284060,492
339572,43.8358710,-79.4284600,491
339572,43.8357930,-79.4285180,490
339572,43.8357480,-79.4285450,489
339572,43.8356690,-79.4285830,488
339572,43.8355880,-79.4286120,487
339572,43.8355320,-79.4286220,486
339572,43.8354520,-79.4286340,485
339572,43.8353760,-79.4286410,484
339572,43.8352430,-79.4286380,483
339572,43.8351130,-79.4286560,482
339572,43.8349940,-79.4286710,481
339572,43.8348300,-79.4286800,480
339572,43.8347040,-79.4286520,479
339572,43.8345620,-79.4286210,478
339572,43.8345240,-79.4286110,477
339572,43.8343780,-79.4285770,476
339572,43.8343050,-79.4285660,475
339572,43.8341300,-79.4285180,474
339572,43.8336430,-79.4284250,473
339572,43.8335340,-79.4284060,472
339572,43.8327630,-79.4282390,471
339572,43.8324740,-79.4281730,470
339572,43.8323250,-79.4281360,469
339572,43.8323370,-79.4280500,468
339572,43.8323370,-79.4280500,467
339572,43.8323370,-79.4280500,466
339572,43.8323370,-79.4280500,465
339572,43.8323250,-79.4281360,464
339572,43.8319760,-79.4280480,463
339572,43.8319570,-79.4280510,462
339572,43.8318370,-79.4281140,461
339572,43.8315820,-79.4280570,460
339572,43.8312760,-79.4279930,459
339572,43.8311090,-79.4279550,458
339572,43.8308770,-79.4279020,457
339572,43.8305540,-79.4278270,456
339572,43.8296760,-79.4276210,455
339572,43.8292540,-79.4275220,454
339572,43.8288840,-79.4274360,453
339572,43.8288980,-79.4273220,452
339572,43.8288980,-79.4273220,451
339572,43.8288980,-79.4273220,450
339572,43.8288980,-79.4273220,449
339572,43.8288840,-79.4274360,448
339572,43.8287050,-79.4273940,447
339572,43.8280350,-79.4272360,446
339572,43.8277760,-79.4271700,445
339572,43.8271930,-79.4270320,444
339572,43.8269220,-79.4269720,443
339572,43.8269440,-79.4267860,442
339572,43.8269440,-79.4267860,441
339572,43.8269440,-79.4267860,440
339572,43.8269440,-79.4267860,439
339572,43.8269220,-79.4269720,438
339572,43.8267050,-79.4269230,437
339572,43.8265810,-79.4268970,436
339572,43.8263260,-79.4268320,435
339572,43.8261150,-79.4267750,434
339572,43.8259110,-79.4267250,433
339572,43.8255540,-79.4266450,432
339572,43.8253600,-79.4266020,431
339572,43.8250460,-79.4265270,430
339572,43.8248520,-79.4264790,429
339572,43.8248750,-79.4262930,428
339572,43.8248750,-79.4262930,427
339572,43.8248750,-79.4262930,426
339572,43.8248750,-79.4262930,425
339572,43.8248520,-79.4264790,424
339572,43.8245480,-79.4264050,423
339572,43.8243790,-79.4263620,422
339572,43.8239210,-79.4262580,421
339572,43.8238510,-79.4262420,420
339572,43.8234460,-79.4261410,419
339572,43.8233650,-79.4261210,418
339572,43.8231000,-79.4260500,417
339572,43.8228590,-79.4259970,416
339572,43.8227280,-79.4259670,415
339572,43.8227070,-79.4259620,414
339572,43.8227260,-79.4258030,413
339572,43.8227260,-79.4258030,412
339572,43.8227260,-79.4258030,411
339572,43.8227260,-79.4258030,410
339572,43.8227070,-79.4259620,409
339572,43.8224700,-79.4259080,408
339572,43.8223600,-79.4258880,407
339572,43.8222150,-79.4258540,406
339572,43.8219430,-79.4257890,405
339572,43.8217100,-79.4257400,404
339572,43.8213210,-79.4256510,403
339572,43.8205770,-79.4254790,402
339572,43.8200020,-79.4253460,401
339572,43.8196730,-79.4252670,400
339572,43.8194250,-79.4252090,399
339572,43.8191370,-79.4251450,398
339572,43.8189610,-79.4251020,397
339572,43.8188240,-79.4250680,396
339572,43.8184630,-79.4249880,395
339572,43.8176310,-79.4247960,394
339572,43.8170070,-79.4246510,393
339572,43.8169360,-79.4246330,392
339572,43.8168720,-79.4246200,391
339572,43.8168290,-79.4245540,390
339572,43.8163240,-79.4244350,389
339572,43.8159020,-79.4243500,388
339572,43.8158160,-79.4243800,387
339572,43.8153770,-79.4242730,386
339572,43.8150970,-79.4242100,385
339572,43.8146650,-79.4241160,384
339572,43.8145850,-79.4240990,383
339572,43.8142650,-79.4240290,382
339572,43.8142110,-79.4240150,381
339572,43.8139390,-79.4239560,380
339572,43.8139070,-79.4239480,379
339572,43.8139200,-79.4238460,378
339572,43.8139200,-79.4238460,377
339572,43.8139200,-79.4238460,376
339572,43.8139200,-79.4238460,375
339572,43.8139070,-79.4239480,374
339572,43.8137080,-79.4239020,373
339572,43.8129740,-79.4237430,372
339572,43.8119260,-79.4235190,371
339572,43.8114400,-79.4234110,370
339572,43.8109420,-79.4232950,369
339572,43.8106810,-79.4232370,368
339572,43.8106960,-79.4231100,367
339572,43.8106960,-79.4231100,366
339572,43.8106960,-79.4231100,365
339572,43.8106960,-79.4231100,364
339572,43.8106810,-79.4232370,363
339572,43.8100560,-79.4231000,362
339572,43.8097830,-79.4230370,361
339572,43.8093740,-79.4229430,360
339572,43.8092470,-79.4229140,359
339572,43.8090470,-79.4228630,358
339572,43.8089140,-79.4228270,357
339572,43.8087620,-79.4227900,356
339572,43.8084960,-79.4227300,355
339572,43.8082550,-79.4226680,354
339572,43.8081700,-79.4226470,353
339572,43.8079720,-79.4225970,352
339572,43.8079110,-79.4225280,351
339572,43.8074330,-79.4224050,350
339572,43.8071230,-79.4223280,349
339572,43.8069750,-79.4222950,348
339572,43.8069910,-79.4221510,347
339572,43.8069910,-79.4221510,346
339572,43.8069910,-79.4221510,345
339572,43.8069910,-79.4221510,344
339572,43.8069750,-79.4222950,343
339572,43.8069210,-79.4222840,342
339572,43.8066630,-79.4222300,341
339572,43.8065860,-79.4222630,340
339572,43.8065300,-79.4222520,339
339572,43.8062560,-79.4221880,338
339572,43.8058910,-79.4220830,337
339572,43.8058380,-79.4220670,336
339572,43.8057760,-79.4220520,335
339572,43.8056480,-79.4220220,334
339572,43.8053730,-79.4219570,333
339572,43.8050900,-79.4218900,332
339572,43.8051120,-79.4217150,331
339572,43.8051120,-79.4217150,330
339572,43.8051120,-79.4217150,329
339572,43.8051120,-79.4217150,328
339572,43.8050900,-79.4218900,327
339572,43.8049740,-79.4218620,326
339572,43.8048820,-79.4218400,325
339572,43.8048450,-79.4218330,324
339572,43.8048180,-79.4218290,323
339572,43.8043770,-79.4217210,322
339572,43.8041150,-79.4216600,321
339572,43.8039120,-79.4216070,320
339572,43.8036950,-79.4215560,319
339572,43.8035450,-79.4215190,318
339572,43.8029960,-79.4213870,317
339572,43.8024240,-79.4212470,316
339572,43.8023140,-79.4211070,315
339572,43.8017550,-79.4209620,314
339572,43.8017000,-79.4209500,313
339572,43.8017070,-79.4208980,312
339572,43.8017070,-79.4208980,311
339572,43.8017070,-79.4208980,310
339572,43.8017070,-79.4208980,309
339572,43.8017000,-79.4209500,308
339572,43.8013570,-79.4208700,307
339572,43.8011800,-79.4208230,306
339572,43.8011510,-79.4208230,305
339572,43.8010340,-79.4208780,304
339572,43.8008390,-79.4208250,303
339572,43.8005410,-79.4207390,302
339572,43.7998980,-79.4205690,301
339572,43.7995440,-79.4204690,300
339572,43.7991980,-79.4203730,299
339572,43.7989150,-79.4202920,298
339572,43.7986460,-79.4202270,297
339572,43.7986280,-79.4202230,296
339572,43.7986430,-79.4200960,295
339572,43.7986430,-79.4200960,294
339572,43.7986430,-79.4200960,293
339572,43.7986430,-79.4200960,292
339572,43.7986280,-79.4202230,291
339572,43.7985980,-79.4202160,290
339572,43.7983820,-79.4201590,289
339572,43.7981590,-79.4200990,288
339572,43.7980240,-79.4200640,287
339572,43.7975830,-79.4199480,286
339572,43.7973840,-79.4198950,285
339572,43.7971540,-79.4198320,284
339572,43.7969720,-79.4197970,283
339572,43.7968860,-79.4197800,282
339572,43.7965140,-79.4196860,281
339572,43.7962800,-79.4196230,280
339572,43.7961050,-79.4195730,279
339572,43.7959540,-79.4195380,278
339572,43.7957480,-79.4194910,277
339572,43.7954560,-79.4194240,276
339572,43.7952030,-79.4193570,275
339572,43.7949940,-79.4193020,274
339572,43.7948660,-79.4192680,273
339572,43.7946480,-79.4192150,272
339572,43.7943610,-79.4191450,271
339572,43.7941240,-79.4190910,270
339572,43.7941210,-79.4190900,269
339572,43.7941350,-79.4189720,268
339572,43.7941350,-79.4189720,267
339572,43.7941350,-79.4189720,266
339572,43.7941350,-79.4189720,265
339572,43.7941210,-79.4190900,264
339572,43.7938360,-79.4190250,263
339572,43.7935110,-79.4189430,262
339572,43.7932880,-79.4188870,261
339572,43.7929620,-79.4188040,260
339572,43.7920640,-79.4185820,259
339572,43.7916610,-79.4184770,258
339572,43.7912000,-79.4183720,257
339572,43.7906640,-79.4182330,256
339572,43.7905610,-79.4182060,255
339572,43.7902600,-79.4181280,254
339572,43.7899570,-79.4180500,253
339572,43.7897760,-79.4180030,252
339572,43.7897010,-79.4179840,251
339572,43.7894030,-79.4179060,250
339572,43.7890060,-79.4178100,249
339572,43.7885620,-79.4177070,248
339572,43.7882130,-79.4176260,247
339572,43.7877940,-79.4175300,246
339572,43.7877000,-79.4175070,245
339572,43.7876280,-79.4174890,244
339572,43.7875490,-79.4174690,243
339572,43.7875750,-79.4172800,242
339572,43.7875750,-79.4172800,241
339572,43.7875750,-79.4172800,240
339572,43.7875750,-79.4172800,239
339572,43.7875490,-79.4174690,238
339572,43.7874670,-79.4174480,237
339572,43.7870530,-79.4173470,236
339572,43.7868010,-79.4172850,235
339572,43.7867100,-79.4172630,234
339572,43.7863910,-79.4171900,233
339572,43.7858820,-79.4170610,232
339572,43.7854140,-79.4169450,231
339572,43.7847810,-79.4167860,230
339572,43.7847130,-79.4167680,229
339572,43.7845070,-79.4167170,228
339572,43.7838340,-79.4165460,227
339572,43.7836310,-79.4164950,226
339572,43.7832010,-79.4163850,225
339572,43.7829510,-79.4163220,224
339572,43.7828960,-79.4163080,223
339572,43.7827890,-79.4162830,222
339572,43.7827170,-79.4161870,221
339572,43.7826940,-79.4161780,220
339572,43.7826550,-79.4161690,219
339572,43.7826040,-79.4161590,218
339572,43.7826650,-79.4158870,217
339572,43.7827800,-79.4155430,216
339572,43.7827030,-79.4154990,215
339572,43.7826810,-79.4154810,214
339572,43.7826620,-79.4154530,213
339572,43.7826390,-79.4153970,212
339572,43.7826300,-79.4153320,211
339572,43.7826320,-79.4152560,210
339572,43.7826460,-79.4151580,209
339572,43.7826580,-79.4149510,208
339572,43.7826510,-79.4147450,207
339572,43.7826440,-79.4146630,206
339572,43.7826340,-79.4146010,205
339572,43.7826130,-79.4145470,204
339572,43.7825820,-79.4145090,203
339572,43.7825230,-79.4144710,202
339572,43.7824240,-79.4144110,201
339572,43.7822700,-79.4151520,200
339572,43.7821790,-79.4151150,199
339572,43.7821790,-79.4151150,198
339572,43.7821790,-79.4151150,197
339572,43.7821790,-79.4151150,196
339572,43.7822700,-79.4151520,195
339572,43.7822510,-79.4152470,194
339572,43.7822420,-79.4153170,193
339572,43.7822400,-79.4153830,192
339572,43.7822440,-79.4154330,191
339572,43.7822510,-79.4154870,190
339572,43.7822720,-79.4155280,189
339572,43.7823200,-79.4155930,188
339572,43.7824470,-79.4157380,187
339572,43.7825190,-79.4158090,186
339572,43.7825800,-79.4158590,185
339572,43.7826200,-79.4158750,184
339572,43.7826650,-79.4158870,183
339572,43.7826040,-79.4161590,182
339572,43.7824950,-79.4161290,181
339572,43.7824500,-79.4161180,180
339572,43.7818480,-79.4159600,179
339572,43.7816780,-79.4159120,178
339572,43.7813530,-79.4158350,177
339572,43.7812030,-79.4158010,176
339572,43.7808820,-79.4157170,175
339572,43.7808230,-79.4157030,174
339572,43.7807710,-79.4156890,173
339572,43.7804680,-79.4156150,172
339572,43.7804470,-79.4156090,171
339572,43.7804480,-79.4156040,170
339572,43.7804480,-79.4156040,169
339572,43.7804480,-79.4156040,168
339572,43.7804480,-79.4156040,167
339572,43.7804470,-79.4156090,166
339572,43.7797880,-79.4154480,165
339572,43.7796630,-79.4154200,164
339572,43.7796080,-79.4154090,163
339572,43.7793430,-79.4153550,162
339572,43.7792560,-79.4153960,161
339572,43.7792210,-79.4154140,160
339572,43.7790790,-79.4153770,159
339572,43.7787260,-79.4152860,158
339572,43.7780050,-79.4151170,157
339572,43.7779150,-79.4150920,156
339572,43.7778460,-79.4150730,155
339572,43.7769710,-79.4148340,154
339572,43.7766090,-79.4147400,153
339572,43.7762910,-79.4146600,152
339572,43.7760610,-79.4146020,151
339572,43.7760160,-79.4145910,150
339572,43.7752950,-79.4144100,149
339572,43.7753150,-79.4142610,148
339572,43.7753150,-79.4142610,147
339572,43.7753150,-79.4142610,146
339572,43.7753150,-79.4142610,145
339572,43.7752950,-79.4144100,144
339572,43.7751510,-79.4143740,143
339572,43.7741100,-79.4141140,142
339572,43.7737800,-79.4140320,141
339572,43.7733460,-79.4139260,140
339572,43.7729980,-79.4138400,139
339572,43.7722700,-79.4136520,138
339572,43.7721570,-79.4136210,137
339572,43.7721780,-79.4134780,136
339572,43.7721780,-79.4134780,135
339572,43.7721780,-79.4134780,134
339572,43.7721780,-79.4134780,133
339572,43.7721570,-79.4136210,132
339572,43.7719800,-79.4135730,131
339572,43.7709890,-79.4133140,130
339572,43.7709320,-79.4132970,129
339572,43.7708460,-79.4131890,128
339572,43.7708190,-79.4131800,127
339572,43.7705700,-79.4131170,126
339572,43.7702600,-79.4130380,125
339572,43.7701480,-79.4130090,124
339572,43.7697480,-79.4129050,123
339572,43.7693450,-79.4128050,122
339572,43.7692790,-79.4127910,121
339572,43.7691750,-79.4127620,120
339572,43.7691900,-79.4126590,119
339572,43.7691900,-79.4126590,118
339572,43.7691900,-79.4126590,117
339572,43.7691900,-79.4126590,116
339572,43.7691750,-79.4127620,115
339572,43.7689550,-79.4127030,114
339572,43.7685640,-79.4126010,113
339572,43.7682360,-79.4125150,112
339572,43.7674630,-79.4123300,111
339572,43.7665940,-79.4121020,110
339572,43.7664870,-79.4120760,109
339572,43.7664780,-79.4120730,108
339572,43.7664810,-79.4120450,107
339572,43.7664810,-79.4120450,106
339572,43.7664810,-79.4120450,105
339572,43.7664810,-79.4120450,104
339572,43.7664780,-79.4120730,103
339572,43.7660030,-79.4119630,102
339572,43.7657280,-79.4118990,101
339572,43.7652670,-79.4117870,100
339572,43.7648340,-79.4116780,99
339572,43.7646100,-79.4116210,98
339572,43.7643160,-79.4115470,97
339572,43.7639790,-79.4114690,96
339572,43.7638530,-79.4114380,95
339572,43.7633140,-79.4113100,94
339572,43.7630130,-79.4112310,93
339572,43.7625140,-79.4111100,92
339572,43.7623720,-79.4110760,91
339572,43.7621760,-79.4110260,90
339572,43.7621880,-79.4109350,89
339572,43.7621880,-79.4109350,88
339572,43.7621880,-79.4109350,87
339572,43.7621880,-79.4109350,86
339572,43.7621760,-79.4110260,85
339572,43.7621060,-79.4110070,84
339572,43.7615270,-79.4108590,83
339572,43.7611210,-79.4107540,82
339572,43.7607290,-79.4106510,81
339572,43.7604810,-79.4105900,80
339572,43.7601420,-79.4105040,79
339572,43.7600360,-79.4104760,78
339572,43.7599660,-79.4104580,77
339572,43.7596500,-79.4103740,76
339572,43.7594840,-79.4103300,75
339572,43.7590920,-79.4102260,74
339572,43.7586870,-79.4101250,73
339572,43.7586980,-79.4100420,72
339572,43.7586980,-79.4100420,71
339572,43.7586980,-79.4100420,70
339572,43.7586980,-79.4100420,69
339572,43.7586870,-79.4101250,68
339572,43.7582420,-79.4100140,67
339572,43.7575880,-79.4098480,66
339572,43.7573860,-79.4097960,65
339572,43.7569310,-79.4096760,64
339572,43.7567300,-79.4096530,63
339572,43.7566150,-79.4096190,62
339572,43.7565450,-79.4095920,61
339572,43.7564580,-79.4095550,60
339572,43.7562180,-79.4094440,59
339572,43.7560300,-79.4093550,58
339572,43.7559330,-79.4093040,57
339572,43.7557810,-79.4092250,56
339572,43.7556620,-79.4091660,55
339572,43.7552740,-79.4089670,54
339572,43.7549190,-79.4087920,53
339572,43.7546530,-79.4086510,52
339572,43.7542930,-79.4084960,51
339572,43.7541230,-79.4084510,50
339572,43.7538340,-79.4083740,49
339572,43.7537650,-79.4083560,48
339572,43.7536500,-79.4083310,47
339572,43.7535490,-79.4083000,46
339572,43.7534610,-79.4082760,45
339572,43.7532020,-79.4082140,44
339572,43.7529060,-79.4081380,43
339572,43.7526930,-79.4080920,42
339572,43.7525380,-79.4080500,41
339572,43.7524390,-79.4080310,40
339572,43.7524110,-79.4080350,39
339572,43.7522240,-79.4080110,38
339572,43.7519880,-79.4079960,37
339572,43.7515980,-79.4080010,36
339572,43.7510620,-79.4080240,35
339572,43.7506300,-79.4080400,34
339572,43.7503120,-79.4080380,33
339572,43.7500590,-79.4080170,32
339572,43.7499920,-79.4080080,31
339572,43.7497740,-79.4079740,30
339572,43.7494810,-79.4079120,29
339572,43.7494720,-79.4079110,28
339572,43.7492310,-79.4078490,27
339572,43.7491960,-79.4078420,26
339572,43.7489220,-79.4077730,25
339572,43.7484760,-79.4076630,24
339572,43.7478880,-79.4075070,23
339572,43.7473170,-79.4073570,22
339572,43.7471120,-79.4073110,21
339572,43.7471170,-79.4072680,20
339572,43.7471170,-79.4072680,19
339572,43.7471170,-79.4072680,18
339572,43.7471170,-79.4072680,17
339572,43.7471120,-79.4073110,16
339572,43.7468980,-79.4072630,15
339572,43.7467620,-79.4072400,14
339572,43.7466530,-79.4072940,13
339572,43.7465240,-79.4072680,12
339572,43.7462500,-79.4072060,11
339572,43.7460400,-79.4071550,10
339572,43.7458120,-79.4071130,9
339572,43.7456460,-79.4070740,8
339572,43.7455320,-79.4070460,7
339572,43.7453260,-79.4069950,6
339572,43.7454250,-79.4062360,5
339572,43.7451920,-79.4061830,4
339572,43.7451460,-79.4064970,3
339572,43.7450960,-79.4064820,2
339572,43.7450960,-79.4064820,1
339571,43.7450960,-79.4064820,1127
339571,43.7450960,-79.4064820,1126
339571,43.7451460,-79.4064970,1125
339571,43.7450810,-79.4069410,1124
339571,43.7452890,-79.4069860,1123
339571,43.7453260,-79.4069950,1122
339571,43.7455320,-79.4070460,1121
339571,43.7456460,-79.4070740,1120
339571,43.7458120,-79.4071130,1119
339571,43.7460400,-79.4071550,1118
339571,43.7462500,-79.4072060,1117
339571,43.7465240,-79.4072680,1116
339571,43.7466530,-79.4072940,1115
339571,43.7467400,-79.4073960,1114
339571,43.7472680,-79.4075340,1113
339571,43.7478550,-79.4076850,1112
339571,43.7484480,-79.4078250,1111
339571,43.7488700,-79.4079160,1110
339571,43.7490470,-79.4079640,1109
339571,43.7492290,-79.4080130,1108
339571,43.7496940,-79.4081030,1107
339571,43.7499570,-79.4081570,1106
339571,43.7501710,-79.4081900,1105
339571,43.7506150,-79.4082060,1104
339571,43.7514220,-79.4081740,1103
339571,43.7516130,-79.4081690,1102
339571,43.7518430,-79.4081710,1101
339571,43.7519730,-79.4081780,1100
339571,43.7522130,-79.4082040,1099
339571,43.7524850,-79.4082330,1098
339571,43.7526520,-79.4082420,1097
339571,43.7528120,-79.4082940,1096
339571,43.7530120,-79.4083370,1095
339571,43.7531200,-79.4083590,1094
339571,43.7533820,-79.4084100,1093
339571,43.7534750,-79.4084290,1092
339571,43.7535710,-79.4084510,1091
339571,43.7537630,-79.4084880,1090
339571,43.7538200,-79.4085020,1089
339571,43.7541270,-79.4086190,1088
339571,43.7547980,-79.4089230,1087
339571,43.7552350,-79.4091390,1086
339571,43.7554270,-79.4092380,1085
339571,43.7557250,-79.4093810,1084
339571,43.7564030,-79.4097060,1083
339571,43.7564980,-79.4097390,1082
339571,43.7569240,-79.4098550,1081
339571,43.7569760,-79.4098700,1080
339571,43.7572350,-79.4099360,1079
339571,43.7573480,-79.4099710,1078
339571,43.7575070,-79.4100120,1077
339571,43.7582210,-79.4101960,1076
339571,43.7582820,-79.4102120,1075
339571,43.7582780,-79.4102390,1074
339571,43.7582780,-79.4102390,1073
339571,43.7582780,-79.4102390,1072
339571,43.7582780,-79.4102390,1071
339571,43.7582820,-79.4102120,1070
339571,43.7585800,-79.4102860,1069
339571,43.7591090,-79.4104170,1068
339571,43.7592990,-79.4104660,1067
339571,43.7594800,-79.4105120,1066
339571,43.7599450,-79.4106300,1065
339571,43.7599900,-79.4106420,1064
339571,43.7600660,-79.4106610,1063
339571,43.7600530,-79.4107510,1062
339571,43.7600530,-79.4107510,1061
339571,43.7600530,-79.4107510,1060
339571,43.7600530,-79.4107510,1059
339571,43.7600660,-79.4106610,1058
339571,43.7602830,-79.4107150,1057
339571,43.7604590,-79.4107590,1056
339571,43.7607070,-79.4108220,1055
339571,43.7614910,-79.4110150,1054
339571,43.7616240,-79.4110490,1053
339571,43.7616050,-79.4111950,1052
339571,43.7616050,-79.4111950,1051
339571,43.7616050,-79.4111950,1050
339571,43.7616050,-79.4111950,1049
339571,43.7616240,-79.4110490,1048
339571,43.7619330,-79.4111280,1047
339571,43.7620800,-79.4111650,1046
339571,43.7623450,-79.4112320,1045
339571,43.7629850,-79.4113850,1044
339571,43.7632430,-79.4114530,1043
339571,43.7634620,-79.4115050,1042
339571,43.7634550,-79.4115560,1041
339571,43.7634550,-79.4115560,1040
339571,43.7634550,-79.4115560,1039
339571,43.7634550,-79.4115560,1038
339571,43.7634620,-79.4115050,1037
339571,43.7636570,-79.4115500,1036
339571,43.7638250,-79.4115910,1035
339571,43.7639660,-79.4116240,1034
339571,43.7643080,-79.4117050,1033
339571,43.7645970,-79.4117710,1032
339571,43.7648030,-79.4118270,1031
339571,43.7652320,-79.4119400,1030
339571,43.7657010,-79.4120520,1029
339571,43.7658080,-79.4120790,1028
339571,43.7666260,-79.4122870,1027
339571,43.7668610,-79.4123450,1026
339571,43.7668440,-79.4124720,1025
339571,43.7668440,-79.4124720,1024
339571,43.7668440,-79.4124720,1023
339571,43.7668440,-79.4124720,1022
339571,43.7668610,-79.4123450,1021
339571,43.7670900,-79.4124010,1020
339571,43.7674300,-79.4124840,1019
339571,43.7681360,-79.4126640,1018
339571,43.7681100,-79.4128610,1017
339571,43.7681100,-79.4128610,1016
339571,43.7681100,-79.4128610,1015
339571,43.7681100,-79.4128610,1014
339571,43.7681360,-79.4126640,1013
339571,43.7682770,-79.4127000,1012
339571,43.7683830,-79.4127240,1011
339571,43.7688130,-79.4128430,1010
339571,43.7692460,-79.4129650,1009
339571,43.7696540,-79.4130610,1008
339571,43.7701090,-79.4131740,1007
339571,43.7702280,-79.4132030,1006
339571,43.7708210,-79.4133460,1005
339571,43.7709320,-79.4132970,1004
339571,43.7709890,-79.4133140,1003
339571,43.7719800,-79.4135730,1002
339571,43.7722700,-79.4136520,1001
339571,43.7724560,-79.4137010,1000
339571,43.7724240,-79.4139350,999
339571,43.7724240,-79.4139350,998
339571,43.7724240,-79.4139350,997
339571,43.7724240,-79.4139350,996
339571,43.7724560,-79.4137010,995
339571,43.7729980,-79.4138400,994
339571,43.7733460,-79.4139260,993
339571,43.7737800,-79.4140320,992
339571,43.7741100,-79.4141140,991
339571,43.7742070,-79.4141380,990
339571,43.7741810,-79.4143280,989
339571,43.7741810,-79.4143280,988
339571,43.7741810,-79.4143280,987
339571,43.7741810,-79.4143280,986
339571,43.7742070,-79.4141380,985
339571,43.7751510,-79.4143740,984
339571,43.7760160,-79.4145910,983
339571,43.7760610,-79.4146020,982
339571,43.7762910,-79.4146600,981
339571,43.7766090,-79.4147400,980
339571,43.7769710,-79.4148340,979
339571,43.7771920,-79.4148940,978
339571,43.7771630,-79.4150950,977
339571,43.7771630,-79.4150950,976
339571,43.7771630,-79.4150950,975
339571,43.7771630,-79.4150950,974
339571,43.7771920,-79.4148940,973
339571,43.7778460,-79.4150730,972
339571,43.7779150,-79.4150920,971
339571,43.7780050,-79.4151170,970
339571,43.7787260,-79.4152860,969
339571,43.7790790,-79.4153770,968
339571,43.7792210,-79.4154140,967
339571,43.7793190,-79.4155300,966
339571,43.7797470,-79.4156400,965
339571,43.7803280,-79.4157740,964
339571,43.7804490,-79.4158020,963
339571,43.7807490,-79.4158710,962
339571,43.7808000,-79.4158830,961
339571,43.7808590,-79.4158970,960
339571,43.7808650,-79.4158980,959
339571,43.7808520,-79.4160020,958
339571,43.7808520,-79.4160020,957
339571,43.7808520,-79.4160020,956
339571,43.7808520,-79.4160020,955
339571,43.7808650,-79.4158980,954
339571,43.7810760,-79.4159480,953
339571,43.7812440,-79.4159870,952
339571,43.7816300,-79.4160780,951
339571,43.7824170,-79.4162630,950
339571,43.7824690,-79.4162750,949
339571,43.7825680,-79.4162990,948
339571,43.7826820,-79.4163240,947
339571,43.7827890,-79.4162830,946
339571,43.7828960,-79.4163080,945
339571,43.7829510,-79.4163220,944
339571,43.7832010,-79.4163850,943
339571,43.7836310,-79.4164950,942
339571,43.7838340,-79.4165460,941
339571,43.7845070,-79.4167170,940
339571,43.7847130,-79.4167680,939
339571,43.7847810,-79.4167860,938
339571,43.7854140,-79.4169450,937
339571,43.7858820,-79.4170610,936
339571,43.7863910,-79.4171900,935
339571,43.7867100,-79.4172630,934
339571,43.7868010,-79.4172850,933
339571,43.7870530,-79.4173470,932
339571,43.7871610,-79.4173740,931
339571,43.7871440,-79.4175080,930
339571,43.7871440,-79.4175080,929
339571,43.7871440,-79.4175080,928
339571,43.7871440,-79.4175080,927
339571,43.7871610,-79.4173740,926
339571,43.7874670,-79.4174480,925
339571,43.7876280,-79.4174890,924
339571,43.7877000,-79.4175070,923
339571,43.7877940,-79.4175300,922
339571,43.7882130,-79.4176260,921
339571,43.7885620,-79.4177070,920
339571,43.7890060,-79.4178100,919
339571,43.7894030,-79.4179060,918
339571,43.7897010,-79.4179840,917
339571,43.7897760,-79.4180030,916
339571,43.7899570,-79.4180500,915
339571,43.7902600,-79.4181280,914
339571,43.7905610,-79.4182060,913
339571,43.7906640,-79.4182330,912
339571,43.7912000,-79.4183720,911
339571,43.7916610,-79.4184770,910
339571,43.7920640,-79.4185820,909
339571,43.7929620,-79.4188040,908
339571,43.7932880,-79.4188870,907
339571,43.7935110,-79.4189430,906
339571,43.7938360,-79.4190250,905
339571,43.7941240,-79.4190910,904
339571,43.7943610,-79.4191450,903
339571,43.7946480,-79.4192150,902
339571,43.7948660,-79.4192680,901
339571,43.7949940,-79.4193020,900
339571,43.7952030,-79.4193570,899
339571,43.7954560,-79.4194240,898
339571,43.7957480,-79.4194910,897
339571,43.7959540,-79.4195380,896
339571,43.7961050,-79.4195730,895
339571,43.7962800,-79.4196230,894
339571,43.7965140,-79.4196860,893
339571,43.7968860,-79.4197800,892
339571,43.7969720,-79.4197970,891
339571,43.7971540,-79.4198320,890
339571,43.7973840,-79.4198950,889
339571,43.7975830,-79.4199480,888
339571,43.7980240,-79.4200640,887
339571,43.7981590,-79.4200990,886
339571,43.7982540,-79.4201250,885
339571,43.7982320,-79.4202810,884
339571,43.7982320,-79.4202810,883
339571,43.7982320,-79.4202810,882
339571,43.7982320,-79.4202810,881
339571,43.7982540,-79.4201250,880
339571,43.7983820,-79.4201590,879
339571,43.7985980,-79.4202160,878
339571,43.7986460,-79.4202270,877
339571,43.7989150,-79.4202920,876
339571,43.7991980,-79.4203730,875
339571,43.7995440,-79.4204690,874
339571,43.7998980,-79.4205690,873
339571,43.8005410,-79.4207390,872
339571,43.8008390,-79.4208250,871
339571,43.8010340,-79.4208780,870
339571,43.8011330,-79.4209970,869
339571,43.8011590,-79.4210070,868
339571,43.8017360,-79.4211570,867
339571,43.8020300,-79.4212350,866
339571,43.8020180,-79.4213120,865
339571,43.8020180,-79.4213120,864
339571,43.8020180,-79.4213120,863
339571,43.8020180,-79.4213120,862
339571,43.8020300,-79.4212350,861
339571,43.8021800,-79.4212750,860
339571,43.8022490,-79.4212910,859
339571,43.8024240,-79.4212470,858
339571,43.8029960,-79.4213870,857
339571,43.8035450,-79.4215190,856
339571,43.8036950,-79.4215560,855
339571,43.8039120,-79.4216070,854
339571,43.8041150,-79.4216600,853
339571,43.8043770,-79.4217210,852
339571,43.8048180,-79.4218290,851
339571,43.8048450,-79.4218330,850
339571,43.8048820,-79.4218400,849
339571,43.8049740,-79.4218620,848
339571,43.8053730,-79.4219570,847
339571,43.8056480,-79.4220220,846
339571,43.8057690,-79.4220500,845
339571,43.8057490,-79.4222080,844
339571,43.8057490,-79.4222080,843
339571,43.8057490,-79.4222080,842
339571,43.8057490,-79.4222080,841
339571,43.8057690,-79.4220500,840
339571,43.8057760,-79.4220520,839
339571,43.8058380,-79.4220670,838
339571,43.8058910,-79.4220830,837
339571,43.8062560,-79.4221880,836
339571,43.8065300,-79.4222520,835
339571,43.8065860,-79.4222630,834
339571,43.8066310,-79.4223240,833
339571,43.8070890,-79.4224600,832
339571,43.8073340,-79.4225110,831
339571,43.8073220,-79.4226270,830
339571,43.8073220,-79.4226270,829
339571,43.8073220,-79.4226270,828
339571,43.8073220,-79.4226270,827
339571,43.8073340,-79.4225110,826
339571,43.8074090,-79.4225260,825
339571,43.8078810,-79.4226230,824
339571,43.8079720,-79.4225970,823
339571,43.8081700,-79.4226470,822
339571,43.8082550,-79.4226680,821
339571,43.8084960,-79.4227300,820
339571,43.8087620,-79.4227900,819
339571,43.8089140,-79.4228270,818
339571,43.8090470,-79.4228630,817
339571,43.8092470,-79.4229140,816
339571,43.8093740,-79.4229430,815
339571,43.8097830,-79.4230370,814
339571,43.8100560,-79.4231000,813
339571,43.8109420,-79.4232950,812
339571,43.8114400,-79.4234110,811
339571,43.8119260,-79.4235190,810
339571,43.8129740,-79.4237430,809
339571,43.8137080,-79.4239020,808
339571,43.8139390,-79.4239560,807
339571,43.8142110,-79.4240150,806
339571,43.8142650,-79.4240290,805
339571,43.8144070,-79.4240610,804
339571,43.8143910,-79.4241930,803
339571,43.8143910,-79.4241930,802
339571,43.8143910,-79.4241930,801
339571,43.8143910,-79.4241930,800
339571,43.8144070,-79.4240610,799
339571,43.8145850,-79.4240990,798
339571,43.8146650,-79.4241160,797
339571,43.8150970,-79.4242100,796
339571,43.8153770,-79.4242730,795
339571,43.8158160,-79.4243800,794
339571,43.8158780,-79.4244530,793
339571,43.8163080,-79.4245500,792
339571,43.8164940,-79.4245850,791
339571,43.8164800,-79.4247230,790
339571,43.8164800,-79.4247230,789
339571,43.8164800,-79.4247230,788
339571,43.8164800,-79.4247230,787
339571,43.8164940,-79.4245850,786
339571,43.8167950,-79.4246420,785
339571,43.8168720,-79.4246200,784
339571,43.8169360,-79.4246330,783
339571,43.8170070,-79.4246510,782
339571,43.8176310,-79.4247960,781
339571,43.8184630,-79.4249880,780
339571,43.8188240,-79.4250680,779
339571,43.8189610,-79.4251020,778
339571,43.8191370,-79.4251450,777
339571,43.8194250,-79.4252090,776
339571,43.8196730,-79.4252670,775
339571,43.8200020,-79.4253460,774
339571,43.8205770,-79.4254790,773
339571,43.8213210,-79.4256510,772
339571,43.8217100,-79.4257400,771
339571,43.8219430,-79.4257890,770
339571,43.8222150,-79.4258540,769
339571,43.8223590,-79.4258880,768
339571,43.8223420,-79.4260370,767
339571,43.8223420,-79.4260370,766
339571,43.8223420,-79.4260370,765
339571,43.8223420,-79.4260370,764
339571,43.8223590,-79.4258880,763
339571,43.8223600,-79.4258880,762
339571,43.8224700,-79.4259080,761
339571,43.8227280,-79.4259670,760
339571,43.8228590,-79.4259970,759
339571,43.8231000,-79.4260500,758
339571,43.8233650,-79.4261210,757
339571,43.8234460,-79.4261410,756
339571,43.8238510,-79.4262420,755
339571,43.8239210,-79.4262580,754
339571,43.8243790,-79.4263620,753
339571,43.8245480,-79.4264050,752
339571,43.8250460,-79.4265270,751
339571,43.8253480,-79.4265980,750
339571,43.8253320,-79.4267290,749
339571,43.8253320,-79.4267290,748
339571,43.8253320,-79.4267290,747
339571,43.8253320,-79.4267290,746
339571,43.8253480,-79.4265980,745
339571,43.8253600,-79.4266020,744
339571,43.8255540,-79.4266450,743
339571,43.8259110,-79.4267250,742
339571,43.8261150,-79.4267750,741
339571,43.8263260,-79.4268320,740
339571,43.8265810,-79.4268970,739
339571,43.8267050,-79.4269230,738
339571,43.8271930,-79.4270320,737
339571,43.8277760,-79.4271700,736
339571,43.8280350,-79.4272360,735
339571,43.8287050,-79.4273940,734
339571,43.8289790,-79.4274580,733
339571,43.8289630,-79.4275910,732
339571,43.8289630,-79.4275910,731
339571,43.8289630,-79.4275910,730
339571,43.8289630,-79.4275910,729
339571,43.8289790,-79.4274580,728
339571,43.8292540,-79.4275220,727
339571,43.8296760,-79.4276210,726
339571,43.8305540,-79.4278270,725
339571,43.8308770,-79.4279020,724
339571,43.8311090,-79.4279550,723
339571,43.8312760,-79.4279930,722
339571,43.8315820,-79.4280570,721
339571,43.8318370,-79.4281140,720
339571,43.8319400,-79.4282280,719
339571,43.8320080,-79.4282450,718
339571,43.8319900,-79.4283830,717
339571,43.8319900,-79.4283830,716
339571,43.8319900,-79.4283830,715
339571,43.8319900,-79.4283830,714
339571,43.8320080,-79.4282450,713
339571,43.8324230,-79.4283490,712
339571,43.8323870,-79.4286210,711
339571,43.8323380,-79.4290310,710
339571,43.8323150,-79.4292040,709
339571,43.8322900,-79.4296020,708
339571,43.8322870,-79.4298760,707
339571,43.8323000,-79.4301410,706
339571,43.8323370,-79.4305530,705
339571,43.8323420,-79.4306250,704
339571,43.8323700,-79.4310360,703
339571,43.8323780,-79.4312970,702
339571,43.8323730,-79.4316780,701
339571,43.8323650,-79.4318670,700
339571,43.8323600,-79.4319300,699
339571,43.8323390,-79.4321630,698
339571,43.8322930,-79.4325520,697
339571,43.8322360,-79.4328870,696
339571,43.8321640,-79.4332600,695
339571,43.8321400,-79.4333700,694
339571,43.8321010,-79.4335530,693
339571,43.8320640,-79.4337330,692
339571,43.8320160,-79.4339830,691
339571,43.8319270,-79.4343970,690
339571,43.8318770,-79.4346450,689
339571,43.8318360,-79.4350170,688
339571,43.8318080,-79.4353400,687
339571,43.8315790,-79.4362500,686
339571,43.8311770,-79.4378500,685
339571,43.8306080,-79.4401410,684
339571,43.8304480,-79.4407930,683
339571,43.8303300,-79.4412860,682
339571,43.8295420,-79.4444970,681
339571,43.8293610,-79.4452380,680
339571,43.8291500,-79.4461310,679
339571,43.8290720,-79.4464370,678
339571,43.8287750,-79.4476650,677
339571,43.8284510,-79.4489830,676
339571,43.8283630,-79.4493520,675
339571,43.8281660,-79.4501600,674
339571,43.8278230,-79.4517140,673
339571,43.8275370,-79.4531040,672
339571,43.8273670,-79.4539930,671
339571,43.8272440,-79.4546590,670
339571,43.8271480,-79.4551580,669
339571,43.8269770,-79.4560210,668
339571,43.8268610,-79.4566250,667
339571,43.8266130,-79.4578700,666
339571,43.8265030,-79.4583780,665
339571,43.8263930,-79.4589060,664
339571,43.8262820,-79.4593870,663
339571,43.8260690,-79.4603380,662
339571,43.8258490,-79.4611330,661
339571,43.8257490,-79.4615190,660
339571,43.8255430,-79.4621870,659
339571,43.8253340,-79.4628860,658
339571,43.8251700,-79.4634080,657
339571,43.8248690,-79.4643120,656
339571,43.8246760,-79.4648690,655
339571,43.8244920,-79.4653930,654
339571,43.8242620,-79.4660180,653
339571,43.8240820,-79.4664990,652
339571,43.8237740,-79.4672760,651
339571,43.8235110,-79.4679300,650
339571,43.8231260,-79.4687910,649
339571,43.8228190,-79.4694830,648
339571,43.8225080,-79.4701090,647
339571,43.8221610,-79.4708280,646
339571,43.8219220,-79.4713040,645
339571,43.8214520,-79.4722180,644
339571,43.8211220,-79.4728340,643
339571,43.8207950,-79.4733560,642
339571,43.8204700,-79.4738470,641
339571,43.8202150,-79.4742230,640
339571,43.8199060,-79.4746400,639
339571,43.8196150,-79.4750180,638
339571,43.8194270,-79.4752470,637
339571,43.8191220,-79.4756060,636
339571,43.8188730,-79.4758940,635
339571,43.8186160,-79.4761810,634
339571,43.8182730,-79.4765520,633
339571,43.8181880,-79.4766410,632
339571,43.8178010,-79.4769980,631
339571,43.8176580,-79.4771310,630
339571,43.8175010,-79.4772760,629
339571,43.8171350,-79.4775920,628
339571,43.8168950,-79.4777730,627
339571,43.8166270,-79.4779710,626
339571,43.8163530,-79.4781650,625
339571,43.8161190,-79.4783110,624
339571,43.8159060,-79.4784410,623
339571,43.8156700,-79.4785480,622
339571,43.8153400,-79.4787230,621
339571,43.8150040,-79.4788800,620
339571,43.8146660,-79.4790220,619
339571,43.8143240,-79.4791480,618
339571,43.8140010,-79.4792520,617
339571,43.8136760,-79.4793390,616
339571,43.8133460,-79.4794140,615
339571,43.8131860,-79.4794450,614
339571,43.8130080,-79.4794760,613
339571,43.8126440,-79.4795270,612
339571,43.8122330,-79.4795650,611
339571,43.8109820,-79.4796550,610
339571,43.8104610,-79.4796830,609
339571,43.8100260,-79.4797110,608
339571,43.8090830,-79.4797780,607
339571,43.8082720,-79.4798280,606
339571,43.8080590,-79.4798450,605
339571,43.8076200,-79.4798830,604
339571,43.8075190,-79.4798900,603
339571,43.8074270,-79.4798980,602
339571,43.8071830,-79.4799290,601
339571,43.8068120,-79.4799850,600
339571,43.8064360,-79.4800490,599
339571,43.8063430,-79.4800680,598
339571,43.8059900,-79.4801410,597
339571,43.8058700,-79.4801670,596
339571,43.8054510,-79.4802750,595
339571,43.8052660,-79.4803310,594
339571,43.8050040,-79.4804100,593
339571,43.8048630,-79.4804540,592
339571,43.8044160,-79.4806110,591
339571,43.8040300,-79.4807600,590
339571,43.8037980,-79.4808610,589
339571,43.8037140,-79.4808950,588
339571,43.8035800,-79.4809530,587
339571,43.8030260,-79.4812070,586
339571,43.8028430,-79.4813020,585
339571,43.8027120,-79.4813740,584
339571,43.8024010,-79.4815520,583
339571,43.8020840,-79.4817390,582
339571,43.8016070,-79.4820410,581
339571,43.8014110,-79.4821720,580
339571,43.8011220,-79.4823700,579
339571,43.8007950,-79.4826100,578
339571,43.8003320,-79.4829760,577
339571,43.7999880,-79.4832620,576
339571,43.7998510,-79.4833760,575
339571,43.7996810,-79.4835270,574
339571,43.7992020,-79.4839820,573
339571,43.7987880,-79.4844130,572
339571,43.7986610,-79.4845480,571
339571,43.7983050,-79.4849400,570
339571,43.7980730,-79.4852100,569
339571,43.7976680,-79.4856990,568
339571,43.7973540,-79.4861120,567
339571,43.7971940,-79.4863270,566
339571,43.7969060,-79.4867260,565
339571,43.7967130,-79.4870150,564
339571,43.7966050,-79.4871700,563
339571,43.7964670,-79.4873760,562
339571,43.7963240,-79.4875940,561
339571,43.7961130,-79.4879370,560
339571,43.7959590,-79.4881950,559
339571,43.7955720,-79.4888010,558
339571,43.7954290,-79.4890640,557
339571,43.7950740,-79.4897190,556
339571,43.7948660,-79.4901270,555
339571,43.7945810,-79.4907410,554
339571,43.7941300,-79.4917010,553
339571,43.7936890,-79.4928010,552
339571,43.7935120,-79.4932560,551
339571,43.7932820,-79.4938870,550
339571,43.7930460,-79.4945810,549
339571,43.7928040,-79.4954070,548
339571,43.7926070,-79.4960940,547
339571,43.7922980,-79.4973540,546
339571,43.7922810,-79.4974240,545
339571,43.7922630,-79.4974830,544
339571,43.7921920,-79.4978200,543
339571,43.7920290,-79.4985130,542
339571,43.7913850,-79.5010680,541
339571,43.7912410,-79.5016560,540
339571,43.7910730,-79.5022850,539
339571,43.7907210,-79.5036130,538
339571,43.7904130,-79.5048220,537
339571,43.7901170,-79.5060090,536
339571,43.7899520,-79.5066920,535
339571,43.7898900,-79.5069410,534
339571,43.7898590,-79.5070830,533
339571,43.7897360,-79.5075700,532
339571,43.7895980,-79.5081540,531
339571,43.7895740,-79.5082420,530
339571,43.7895360,-79.5083960,529
339571,43.7890060,-79.5105910,528
339571,43.7882880,-79.5134980,527
339571,43.7880480,-79.5144670,526
339571,43.7875690,-79.5164420,525
339571,43.7872760,-79.5176250,524
339571,43.7868110,-79.5194020,523
339571,43.7866400,-79.5201260,522
339571,43.7864000,-79.5211780,521
339571,43.7860070,-79.5229980,520
339571,43.7859660,-79.5231830,519
339571,43.7859250,-79.5233660,518
339571,43.7857720,-79.5241110,517
339571,43.7856810,-79.5245480,516
339571,43.7853670,-79.5260300,515
339571,43.7851150,-79.5272210,514
339571,43.7848410,-79.5285290,513
339571,43.7845340,-79.5299710,512
339571,43.7844780,-79.5302510,511
339571,43.7844260,-79.5305110,510
339571,43.7842250,-79.5314630,509
339571,43.7840390,-79.5322720,508
339571,43.7836440,-79.5340080,507
339571,43.7835930,-79.5342200,506
339571,43.7833640,-79.5352540,505
339571,43.7830710,-79.5365930,504
339571,43.7829950,-79.5370270,503
339571,43.7829760,-79.5371130,502
339571,43.7829440,-79.5372190,501
339571,43.7829280,-79.5373690,500
339571,43.7829130,-79.5374770,499
339571,43.7829000,-79.5375500,498
339571,43.7828860,-79.5376580,497
339571,43.7828560,-79.5377710,496
339571,43.7828060,-79.5379840,495
339571,43.7825310,-79.5393030,494
339571,43.7815580,-79.5439560,493
339571,43.7813580,-79.5449220,492
339571,43.7812620,-79.5453680,491
339571,43.7812080,-79.5455910,490
339571,43.7811810,-79.5457110,489
339571,43.7808600,-79.5472150,488
339571,43.7805580,-79.5486900,487
339571,43.7802490,-79.5501830,486
339571,43.7801380,-79.5506860,485
339571,43.7797650,-79.5525490,484
339571,43.7795200,-79.5536970,483
339571,43.7792950,-79.5547040,482
339571,43.7790150,-79.5558420,481
339571,43.7788600,-79.5564500,480
339571,43.7787980,-79.5566910,479
339571,43.7786600,-79.5571680,478
339571,43.7782200,-79.5587500,477
339571,43.7778910,-79.5598390,476
339571,43.7777230,-79.5603710,475
339571,43.7774780,-79.5610930,474
339571,43.7773840,-79.5613650,473
339571,43.7768400,-79.5629640,472
339571,43.7762550,-79.5644860,471
339571,43.7759390,-79.5652960,470
339571,43.7756320,-79.5660430,469
339571,43.7754540,-79.5664780,468
339571,43.7746000,-79.5685280,467
339571,43.7740070,-79.5699570,466
339571,43.7739320,-79.5701410,465
339571,43.7738350,-79.5703940,464
339571,43.7737810,-79.5705420,463
339571,43.7735790,-79.5710150,462
339571,43.7734470,-79.5713300,461
339571,43.7732120,-79.5718900,460
339571,43.7728970,-79.5726540,459
339571,43.7727510,-79.5730070,458
339571,43.7725640,-79.5734520,457
339571,43.7723770,-79.5739310,456
339571,43.7717380,-79.5754740,455
339571,43.7715670,-79.5758990,454
339571,43.7713460,-79.5764360,453
339571,43.7711440,-79.5769270,452
339571,43.7702730,-79.5789670,451
339571,43.7699410,-79.5797900,450
339571,43.7694180,-79.5811160,449
339571,43.7692210,-79.5816410,448
339571,43.7688870,-79.5824870,447
339571,43.7687290,-79.5828980,446
339571,43.7687100,-79.5829420,445
339571,43.7686600,-79.5830730,444
339571,43.7684870,-79.5835170,443
339571,43.7683480,-79.5838680,442
339571,43.7681920,-79.5842810,441
339571,43.7679410,-79.5849340,440
339571,43.7677550,-79.5854420,439
339571,43.7676730,-79.5856550,438
339571,43.7675700,-79.5859390,437
339571,43.7674500,-79.5863000,436
339571,43.7672980,-79.5867210,435
339571,43.7672080,-79.5869800,434
339571,43.7670480,-79.5874710,433
339571,43.7669280,-79.5878230,432
339571,43.7668740,-79.5880120,431
339571,43.7667850,-79.5882890,430
339571,43.7666940,-79.5885570,429
339571,43.7665800,-79.5889300,428
339571,43.7663910,-79.5895320,427
339571,43.7662860,-79.5898730,426
339571,43.7661170,-79.5903750,425
339571,43.7660420,-79.5906240,424
339571,43.7659700,-79.5908440,423
339571,43.7658840,-79.5910950,422
339571,43.7658210,-79.5912940,421
339571,43.7656180,-79.5918680,420
339571,43.7655400,-79.5921050,419
339571,43.7654500,-79.5923600,418
339571,43.7653510,-79.5926330,417
339571,43.7652520,-79.5929090,416
339571,43.7652270,-79.5929710,415
339571,43.7651800,-79.5930900,414
339571,43.7650750,-79.5933700,413
339571,43.7648960,-79.5938600,412
339571,43.7647930,-79.5941310,411
339571,43.7646730,-79.5944310,410
339571,43.7646250,-79.5945560,409
339571,43.7644530,-79.5949640,408
339571,43.7642840,-79.5953980,407
339571,43.7641580,-79.5957080,406
339571,43.7638550,-79.5964450,405
339571,43.7636480,-79.5969820,404
339571,43.7634940,-79.5973740,403
339571,43.7631710,-79.5982120,402
339571,43.7630660,-79.5985150,401
339571,43.7627230,-79.5993860,400
339571,43.7626720,-79.5995150,399
339571,43.7623150,-79.6005500,398
339571,43.7619720,-79.6015750,397
339571,43.7614500,-79.6031940,396
339571,43.7607750,-79.6054490,395
339571,43.7606360,-79.6059370,394
339571,43.7602030,-79.6075060,393
339571,43.7597670,-79.6091770,392
339571,43.7596230,-79.6097580,391
339571,43.7591380,-79.6118250,390
339571,43.7589190,-79.6127570,389
339571,43.7587770,-79.6133750,388
339571,43.7584040,-79.6149780,387
339571,43.7581690,-79.6159370,386
339571,43.7578640,-79.6172540,385
339571,43.7575510,-79.6186050,384
339571,43.7573320,-79.6195090,383
339571,43.7571490,-79.6202360,382
339571,43.7568130,-79.6217660,381
339571,43.7566620,-79.6224210,380
339571,43.7564380,-79.6233400,379
339571,43.7562660,-79.6240810,378
339571,43.7560490,-79.6250120,377
339571,43.7554640,-79.6274280,376
339571,43.7552850,-79.6281860,375
339571,43.7547380,-79.6305680,374
339571,43.7545570,-79.6313360,373
339571,43.7545400,-79.6314040,372
339571,43.7544610,-79.6317200,371
339571,43.7542360,-79.6325940,370
339571,43.7540660,-79.6332640,369
339571,43.7539510,-79.6337390,368
339571,43.7538020,-79.6343310,367
339571,43.7536820,-79.6347520,366
339571,43.7535530,-79.6351660,365
339571,43.7533940,-79.6356410,364
339571,43.7532100,-79.6361270,363
339571,43.7530540,-79.6365200,362
339571,43.7529520,-79.6367560,361
339571,43.7526400,-79.6374430,360
339571,43.7525090,-79.6376890,359
339571,43.7523820,-79.6379380,358
339571,43.7521330,-79.6383820,357
339571,43.7520110,-79.6385890,356
339571,43.7518780,-79.6387990,355
339571,43.7517400,-79.6390210,354
339571,43.7514500,-79.6394460,353
339571,43.7512870,-79.6396710,352
339571,43.7511290,-79.6398740,351
339571,43.7509810,-79.6400590,350
339571,43.7508650,-79.6402120,349
339571,43.7508230,-79.6402510,348
339571,43.7507660,-79.6403000,347
339571,43.7506530,-79.6404380,346
339571,43.7499340,-79.6412950,345
339571,43.7493780,-79.6419320,344
339571,43.7488370,-79.6425300,343
339571,43.7485890,-79.6428160,342
339571,43.7484020,-79.6430060,341
339571,43.7481010,-79.6433550,340
339571,43.7479530,-79.6435340,339
339571,43.7478030,-79.6436960,338
339571,43.7476830,-79.6438250,337
339571,43.7474570,-79.6440910,336
339571,43.7471630,-79.6444280,335
339571,43.7469320,-79.6446850,334
339571,43.7467630,-79.6448700,333
339571,43.7465760,-79.6450940,332
339571,43.7464640,-79.6452190,331
339571,43.7461170,-79.6456280,330
339571,43.7459730,-79.6457860,329
339571,43.7457190,-79.6460810,328
339571,43.7455690,-79.6462520,327
339571,43.7452410,-79.6466420,326
339571,43.7451500,-79.6467560,325
339571,43.7444270,-79.6476640,324
339571,43.7441330,-79.6480370,323
339571,43.7437180,-79.6486040,322
339571,43.7428840,-79.6497410,321
339571,43.7425290,-79.6502250,320
339571,43.7420170,-79.6509660,319
339571,43.7415490,-79.6516790,318
339571,43.7412020,-79.6522140,317
339571,43.7407080,-79.6530170,316
339571,43.7405270,-79.6532960,315
339571,43.7397660,-79.6545120,314
339571,43.7395920,-79.6547940,313
339571,43.7393090,-79.6552740,312
339571,43.7391450,-79.6555320,311
339571,43.7386790,-79.6563220,310
339571,43.7385490,-79.6565400,309
339571,43.7379950,-79.6574680,308
339571,43.7374670,-79.6583510,307
339571,43.7367300,-79.6595370,306
339571,43.7359550,-79.6608280,305
339571,43.7358400,-79.6610460,304
339571,43.7356860,-79.6613030,303
339571,43.7356110,-79.6614180,302
339571,43.7351590,-79.6621750,301
339571,43.7350460,-79.6623640,300
339571,43.7344850,-79.6633070,299
339571,43.7339940,-79.6640860,298
339571,43.7337060,-79.6645540,297
339571,43.7329870,-79.6657230,296
339571,43.7325990,-79.6663760,295
339571,43.7324120,-79.6666740,294
339571,43.7320610,-79.6672560,293
339571,43.7318830,-79.6675440,292
339571,43.7318200,-79.6676560,291
339571,43.7315820,-79.6680650,290
339571,43.7311680,-79.6687310,289
339571,43.7310460,-79.6689260,288
339571,43.7308920,-79.6691640,287
339571,43.7306870,-79.6694680,286
339571,43.7304800,-79.6697580,285
339571,43.7302640,-79.6700930,284
339571,43.7301360,-79.6702800,283
339571,43.7300680,-79.6703630,282
339571,43.7297410,-79.6707880,281
339571,43.7296420,-79.6709110,280
339571,43.7295720,-79.6709910,279
339571,43.7292600,-79.6713490,278
339571,43.7290730,-79.6715520,277
339571,43.7289790,-79.6716500,276
339571,43.7287800,-79.6718460,275
339571,43.7285330,-79.6720760,274
339571,43.7283970,-79.6721980,273
339571,43.7281110,-79.6724400,272
339571,43.7278300,-79.6726710,271
339571,43.7276740,-79.6727900,270
339571,43.7273700,-79.6730150,269
339571,43.7271100,-79.6732180,268
339571,43.7269420,-79.6733360,267
339571,43.7268290,-79.6734060,266
339571,43.7264990,-79.6736040,265
339571,43.7263450,-79.6736960,264
339571,43.7261320,-79.6738190,263
339571,43.7257920,-79.6739910,262
339571,43.7254380,-79.6741540,261
339571,43.7250610,-79.6743040,260
339571,43.7247390,-79.6744200,259
339571,43.7243460,-79.6745410,258
339571,43.7239850,-79.6746460,257

remaining lines deleted due to being several megabytes of data.